4295026233 70888 0 50801088
4295026284 77420 0 36922862
4295026335 0 0 0
4295026386 0 0 0
4295026437 0 0 0
4295026488 0 0 0
4295026539 0 0 0
4295026590 0 0 0
4295026642 0 0 0
4295026693 0 0 0
4295026744 0 0 0
4295026795 0 0 0
4295026846 0 0 0
4295026897 0 0 0
4295026948 0 0 0
4295026999 0 0 0
4295027050 0 0 0
4295027101 0 0 0
4295027152 0 0 0
4295027203 0 0 0
4295027258 81889 0 54950189
4295027309 36895 0 20943443
4295027360 0 0 0
4295027411 0 0 0
4295027462 0 0 0
4295027513 0 0 0
4295027565 0 0 0
4295027616 0 0 0
4295027667 0 0 0
4295027718 0 0 0
4295027769 0 0 0
4295027820 0 0 0
4295027871 0 0 0
4295027922 0 0 0
4295027973 0 0 0
4295028024 0 0 0
4295028075 0 0 0
4295028126 0 0 0
4295028177 0 0 0
4295028228 18933 0 17000000
4295028280 59250 0 37000000
4295028331 18569 0 12000000
4295028382 0 0 0
4295028433 0 0 0
4295028484 0 0 0
4295028535 0 0 0
4295028586 0 0 0
4295028637 0 0 0
4295028688 0 0 0
4295028739 0 0 0
4295028790 0 0 0
4295028841 0 0 0
4295028892 0 0 0
4295028943 0 0 0
4295028994 0 0 0
4295029045 0 0 0
4295029096 0 0 0
4295029147 0 0 0
4295029198 0 0 0
4295029251 30797 0 19979118
4295029305 50083 0 32974300
4295029356 0 0 0
4295029407 0 0 0
4295029458 0 0 0
4295029509 0 0 0
4295029560 0 0 0
4295029611 0 0 0
4295029662 0 0 0
4295029713 0 0 0
4295029764 0 0 0
4295029816 0 0 0
4295029867 0 0 0
4295029919 0 0 0
4295029970 0 0 0
4295030021 0 0 0
4295030072 0 0 0
4295030123 0 0 0
4295030174 0 0 0
4295030225 0 0 0
4295030276 28700 0 15679392
4295030327 36900 0 18976306
4295030378 0 0 0
4295030429 0 0 0
4295030480 0 0 0
4295030531 0 0 0
4295030582 0 0 0
4295030633 0 0 0
4295030685 0 0 0
4295030736 0 0 0
4295030787 0 0 0
4295030839 0 0 0
4295030890 0 0 0
4295030941 0 0 0
4295030992 0 0 0
4295031043 0 0 0
4295031094 0 0 0
4295031145 0 0 0
4295031196 0 0 0
4295031249 5745 0 3983541
4295031300 18321 0 12000000
4295031351 30942 0 61705820
4295031402 0 0 0
4295031453 0 0 0
4295031504 0 0 0
4295031556 0 0 0
4295031607 0 0 0
4295031658 0 0 0
4295031709 0 0 0
4295031760 0 0 0
4295031819 0 0 0
4295031870 0 0 0
4295031921 0 0 0
4295031975 0 0 0
4295032026 0 0 0
4295032077 0 0 0
4295032128 0 0 0
4295032179 0 0 0
4295032230 0 0 0
4295032281 17035 0 64989208
4295032332 12228 0 44986674
4295032383 15649 0 60000000
4295032434 0 0 0
4295032485 0 0 0
4295032536 0 0 0
4295032587 0 0 0
4295032638 0 0 0
4295032689 0 0 0
4295032740 0 0 0
4295032797 0 0 0
4295032848 0 0 0
4295032899 0 0 0
4295032950 0 0 0
4295033001 0 0 0
4295033052 0 0 0
4295033103 0 0 0
4295033154 0 0 0
4295033205 0 0 0
4295033256 2315 0 2868810
4295033307 13890 0 54000000
4295033358 13308 0 53993483
4295033409 7527 0 29698897
4295033460 0 0 0
4295033511 0 0 0
4295033562 0 0 0
4295033613 0 0 0
4295033664 0 0 0
4295033715 0 0 0
4295033766 0 0 0
4295033817 0 0 0
4295033868 0 0 0
4295033919 0 0 0
4295033970 0 0 0
4295034021 0 0 0
4295034072 0 0 0
4295034123 0 0 0
4295034174 0 0 0
4295034225 0 0 0
4295034278 2300 0 8992129
4295034330 11638 0 43724312
4295034381 12301 0 51105019
4295034432 3745 0 14936590
4295034483 0 0 0
4295034534 0 0 0
4295034585 0 0 0
4295034636 0 0 0
4295034687 0 0 0
4295034738 0 0 0
4295034789 0 0 0
4295034840 0 0 0
4295034891 0 0 0
4295034942 0 0 0
4295034993 0 0 0
4295035044 0 0 0
4295035097 0 0 0
4295035148 0 0 0
4295035199 0 0 0
4295035250 0 0 0
4295035301 3204 0 9878444
4295035352 12304 0 47926496
4295035403 10124 0 42911648
4295035454 0 0 0
4295035505 0 0 0
4295035556 0 0 0
4295035607 0 0 0
4295035658 0 0 0
4295035709 0 0 0
4295035760 0 0 0
4295035811 0 0 0
4295035862 0 0 0
4295035913 0 0 0
4295035964 0 0 0
4295036015 0 0 0
4295036066 0 0 0
4295036117 0 0 0
4295036168 0 0 0
4295036219 0 0 0
4295036271 393 0 1000000
4295036322 3979 0 11914875
4295036373 9401 0 39851056
4295036424 6259 0 26501271
4295036475 0 0 0
4295036526 0 0 0
4295036577 0 0 0
4295036628 0 0 0
4295036679 0 0 0
4295036730 0 0 0
4295036781 0 0 0
4295036832 0 0 0
4295036883 0 0 0
4295036934 0 0 0
4295036985 0 0 0
4295037036 0 0 0
4295037087 0 0 0
4295037138 0 0 0
4295037189 0 0 0
4295037240 0 0 0
4295037291 982 0 5000000
4295037342 5528 0 27000000
4295037393 6256 0 29000000
4295037444 2946 0 14992452
4295037495 0 0 0
4295037546 0 0 0
4295037597 0 0 0
4295037648 0 0 0
4295037699 0 0 0
4295037750 0 0 0
4295037801 0 0 0
4295037852 0 0 0
4295037903 0 0 0
4295037954 0 0 0
4295038005 0 0 0
4295038056 0 0 0
4295038107 0 0 0
4295038158 0 0 0
4295038209 0 0 0
4295038261 0 0 0
4295038312 1794 0 6000000
4295038363 5382 0 23105327
4295038414 5740 0 27410216
4295038465 1436 0 7803543
4295038516 0 0 0
4295038567 0 0 0
4295038618 0 0 0
4295038669 0 0 0
4295038720 0 0 0
4295038771 0 0 0
4295038822 0 0 0
4295038873 0 0 0
4295038924 0 0 0
4295038975 0 0 0
4295039026 0 0 0
4295039077 0 0 0
4295039128 0 0 0
4295039179 0 0 0
4295039230 0 0 0
4295039281 0 0 0
4295039332 2163 0 6000000
4295039383 5768 0 24972586
4295039434 3605 0 16997217
4295039485 0 0 0
4295039536 0 0 0
4295039587 0 0 0
4295039638 0 0 0
4295039689 0 0 0
4295039740 0 0 0
4295039791 0 0 0
4295039842 0 0 0
4295039893 0 0 0
4295039945 0 0 0
4295039996 0 0 0
4295040048 0 0 0
4295040099 0 0 0
4295040150 0 0 0
4295040202 0 0 0
4295040253 0 0 0
4295040304 621 0 3000000
4295040355 3169 0 18000000
4295040406 4283 0 22967540
4295040457 1863 0 8994169
4295040508 0 0 0
4295040559 0 0 0
4295040610 0 0 0
4295040661 0 0 0
4295040712 0 0 0
4295040763 0 0 0
4295040814 0 0 0
4295040865 0 0 0
4295040916 0 0 0
4295040967 0 0 0
4295041018 0 0 0
4295041069 0 0 0
4295041120 0 0 0
4295041171 0 0 0
4295041222 0 0 0
4295041273 0 0 0
4295041324 962 0 4000000
4295041375 2886 0 20000000
4295041426 2405 0 11984428
4295041477 1443 0 9000000
4295041528 0 0 0
4295041582 0 0 0
4295041633 0 0 0
4295041684 0 0 0
4295041735 0 0 0
4295041786 0 0 0
4295041837 0 0 0
4295041888 0 0 0
4295041939 0 0 0
4295041990 0 0 0
4295042041 0 0 0
4295042092 0 0 0
4295042143 0 0 0
4295042194 0 0 0
4295042245 0 0 0
4295042303 398 0 0
4295042367 1650 0 11000000
4295042418 3126 0 14444206
4295042469 1194 0 7000000
4295042520 0 0 0
4295042572 0 0 0
4295042623 0 0 0
4295042674 0 0 0
4295042725 0 0 0
4295042776 0 0 0
4295042827 0 0 0
4295042878 0 0 0
4295042929 0 0 0
4295042980 0 0 0
4295043031 0 0 0
4295043082 0 0 0
4295043133 0 0 0
4295043184 0 0 0
4295043235 0 0 0
4295043286 0 0 0
4295043337 694 0 3000000
4295043388 2689 0 16212755
4295043439 2169 0 12728703
4295043490 0 0 0
4295043541 0 0 0
4295043592 0 0 0
4295043643 0 0 0
4295043694 0 0 0
4295043745 0 0 0
4295043796 0 0 0
4295043847 0 0 0
4295043898 0 0 0
4295043949 0 0 0
4295044000 0 0 0
4295044051 0 0 0
4295044102 0 0 0
4295044154 0 0 0
4295044205 0 0 0
4295044256 0 0 0
4295044307 249 0 1000000
4295044358 747 0 4000000
4295044409 2241 0 10801591
4295044460 747 0 4852666
4295044511 0 0 0
4295044562 0 0 0
4295044613 0 0 0
4295044664 0 0 0
4295044715 0 0 0
4295044766 0 0 0
4295044817 0 0 0
4295044868 0 0 0
4295044919 0 0 0
4295044970 0 0 0
4295045021 0 0 0
4295045072 0 0 0
4295045124 0 0 0
4295045175 0 0 0
4295045226 0 0 0
4295045277 0 0 0
4295045328 474 0 2000000
4295045379 968 0 5950215
4295045430 1639 0 6951133
4295045481 711 0 4912241
4295045532 0 0 0
4295045595 0 0 0
4295045646 0 0 0
4295045697 0 0 0
4295045748 0 0 0
4295045800 0 0 0
4295045851 0 0 0
4295045904 0 0 0
4295045955 0 0 0
4295046006 0 0 0
4295046057 0 0 0
4295046108 0 0 0
4295046159 0 0 0
4295046210 0 0 0
4295046261 0 0 0
4295046321 0 0 5000000
4295046372 0 0 0
4295046423 0 0 0
read 395 profiled data
